id,employee_id,full_name,department,contact_email,last_audit_date,head_coach_id
1,Norma Fisher,Theodore Mcgrath,adaptive-departme-89,Christopher Wilson,2023-10-23,1
2,Tasha Rodriguez,Account Name,distributed-departme-90,Charles Larsen,2024-03-07,2
3,Theodore Mcgrath,Saipan International Airport,baseline-departme-91,Mary Alvarez,2025-08-18,3
4,Peter Mcdowell,Norma Fisher,pilot-departme-92,April Snyder,2022-01-02,4
